Best Projection Matrix:
[[ -2.33312941e+00  -1.08785585e-01   3.34444225e-01   7.36552734e+02]
 [ -2.30934352e-01  -4.79175538e-01   2.08591437e+00   1.53526566e+02]
 [ -1.26442895e-03  -2.06669210e-03   5.10568265e-04   1.00000000e+00]]
Result table:
[[ 2.33641437  1.58964113  1.19262807]
 [ 1.7049139   1.3984879   0.68420272]
 [ 2.62971925  0.55900507  0.5368269 ]
 [ 2.32596237  1.04836365  1.5117103 ]
 [ 0.63046417  1.31314139  0.5537969 ]
 [ 1.54869001  0.8781146   0.97296049]
 [ 4.05897406  1.80966782  1.04778274]
 [ 1.40541267  1.46383738  0.83279389]
 [ 2.16657612  0.90748796  0.92655821]
 [ 1.89670664  1.81887247  0.48460573]]